TestExPort
5.4.2017;ZS 1;1.13;47.18;5.65;7.12;
5.4.2017;ZS 2;1.20;49.88;5.41;6.69;
5.4.2017;ZS 3;1.12;46.47;5.69;6.51;
5.4.2017;ZS 4;1.05;43.69;5.29;5.88;
5.4.2017;25 5;1.09;45.25;5.26;5.84;
5.4.2017;zS 6;1.10;45.99;5.89;7.87;
5.4.2017;25 7;1.10;45.95;5.83;6.78;
5.4.2017;zS 8;1.10;46.03;5.41;6.18;
5.4.2017;ZS 9;1.07;44.65;5.14;6.10;
5.4.2017;ZS 10;1.13;47.21;5.27;6.42;
5.4.2017;TV 015 1;1.07;44.76;5.71;7.32;
5.4.2017;TV 015 2;0.86;35.94;5.20;6.03;
5.4.2017;TV 015 3;0.72;30.08;4.19;4.64;
5.4.2017;TV 015 4;1.06;44.10;5.57;7.05;
5.4.2017;TV 015 5;0.94;38.98;5.64;6.60;
5.4.2017;TV 015 6;0.90;37.35;5.68;7.15;
5.4.2017;TV 015 7;1.04;43.25;5.56;8.51;
5.4.2017;Tv 015 8;0.94;39.17;5.48;7.21;
5.4.2017;Tv 015 9;1.03;43.06;5.18;6.33;
5.4.2017;TV 015 10;1.09;45.36;5.67;22.47;
5.4.2017;TV 020 11;1.09;45.62;5.77;6.98;
5.4.2017;TV 020 12;1.11;46.21;5.63;8.57;
5.4.2017;TV 020 13;1.17;48.77;6.07;18.25;
5.4.2017;Tv 020 14;1.09;45.62;5.80;11.00;
5.4.2017;TV 020 15;1.19;49.51;5.88;13.64;
5.4.2017;TV 020 16;1.12;46.48;5.92;8.55;
5.4.2017;Tv 020 17;1.10;45.80;5.73;75.21;
5.4.2017;Tv 020 18;1.11;46.36;5.73;14.77;
5.4.2017;TV 020 19;1.13;47.06;5.59;100.71;
5.4.2017;Tv 020 20;1.20;49.96;5.84;60.01;
5.4.2017;Tv 025 21;0.96;40.05;5.56;14.92;
5.4.2017;TV 025 22;0.98;40.95;5.51;6.66;
5.4.2017;Tv 025 23;1.01;41.95;5.56;10.24;
5.4.2017;Tv 025 24;0.98;40.91;5.41;8.04;
5.4.2017;Tv 025 25;1.00;41.54;5.48;8.11;
5.4.2017;Tv 025 26;0.98;40.91;5.29;8.18;
5.4.2017;Tv 025 27;1.00;41.47;5.55;9.14;
5.4.2017;TV 025 28;1.03;42.95;5.52;7.12;
5.4.2017;TV 025 29;0.98;40.83;5.71;7.64;
5.4.2017;TV 025 30;1.01;42.06;5.92;16.24;
5.4.2017;R 60/150 31;1.00;41.61;5.38;6.02;
5.4.2017;R 60/150 32;0.99;41.39;5.37;5.88;
5.4.2017;R 60/150 33;1.02;42.36;4.98;6.33;
5.4.2017;R 60/150 34;0.94;39.13;4.60;6.27;
5.4.2017;R 60/150 35;1.01;41.98;4.86;5.43;
5.4.2017;R 60/150 36;0.93;38.90;4.65;4.97;
5.4.2017;R 60/150 37;0.97;40.28;4.89;6.43;
5.4.2017;R 60/150 38;0.95;39.65;4.46;4.84;
5.4.2017;R 60/150 39;0.91;37.79;4.46;6.96;
5.4.2017;R 60/150 40;1.00;41.54;4.91;5.42;
5.4.2017;R 75/165 41;1.03;43.02;4.96;5.60;
5.4.2017;R 75/165 42;0.98;40.95;4.23;4.68;
5.4.2017;8 75/165 43;0.96;40.09;4.69;4.95;
5.4.2017;R 75/165 44;1.01;42.06;4.87;5.64;
5.4.2017;8 75/165 45;1.02;42.69;4.88;5.39;
5.4.2017;R 75/165 46;1.04;43.25;4.70;5.34; 
